b = 0.3;
g = 9.81;
m = 5;