m = 3;
k = 20;
b = 1.5;
g = 9.81;   
